-viral-95.31%
-viral-95.31%
-viral-55.34%
-viral-79.38%
-normal-99.99%
-viral-55.34%
-normal-99.83%
